name: surveystreme
channels:
  - conda-forge
  - defaults
dependencies:
  - asttokens=3.0.0=pyhd8ed1ab_1
  - bzip2=1.0.8=h2466b09_7
  - ca-certificates=2025.1.31=h56e8100_0
  - colorama=0.4.6=pyhd8ed1ab_1
  - comm=0.2.2=pyhd8ed1ab_1
  - cpython=3.11.11=py311hd8ed1ab_1
  - debugpy=1.8.12=py311hda3d55a_0
  - decorator=5.1.1=pyhd8ed1ab_1
  - exceptiongroup=1.2.2=pyhd8ed1ab_1
  - executing=2.1.0=pyhd8ed1ab_1
  - importlib-metadata=8.6.1=pyha770c72_0
  - ipykernel=6.29.5=pyh4bbf305_0
  - ipython=8.32.0=pyh9ab4c32_0
  - jedi=0.19.2=pyhd8ed1ab_1
  - jupyter_client=8.6.3=pyhd8ed1ab_1
  - jupyter_core=5.7.2=pyh5737063_1
  - krb5=1.21.3=hdf4eb48_0
  - libexpat=2.6.4=he0c23c2_0
  - libffi=3.4.2=h8ffe710_5
  - liblzma=5.6.4=h2466b09_0
  - libsodium=1.0.20=hc70643c_0
  - libsqlite=3.48.0=h67fdade_1
  - libzlib=1.3.1=h2466b09_2
  - matplotlib-inline=0.1.7=pyhd8ed1ab_1
  - nest-asyncio=1.6.0=pyhd8ed1ab_1
  - openssl=3.4.0=ha4e3fda_1
  - packaging=24.2=pyhd8ed1ab_2
  - parso=0.8.4=pyhd8ed1ab_1
  - pickleshare=0.7.5=pyhd8ed1ab_1004
  - pip=25.0=pyh8b19718_0
  - platformdirs=4.3.6=pyhd8ed1ab_1
  - prompt-toolkit=3.0.50=pyha770c72_0
  - psutil=6.1.1=py311he736701_0
  - pure_eval=0.2.3=pyhd8ed1ab_1
  - pygments=2.19.1=pyhd8ed1ab_0
  - python=3.11.11=h3f84c4b_1_cpython
  - python-dateutil=2.9.0.post0=pyhff2d567_1
  - python_abi=3.11=5_cp311
  - pywin32=307=py311hda3d55a_3
  - pyzmq=26.2.1=py311h484c95c_0
  - setuptools=75.8.0=pyhff2d567_0
  - six=1.17.0=pyhd8ed1ab_0
  - stack_data=0.6.3=pyhd8ed1ab_1
  - tk=8.6.13=h5226925_1
  - tornado=6.4.2=py311he736701_0
  - traitlets=5.14.3=pyhd8ed1ab_1
  - typing_extensions=4.12.2=pyha770c72_1
  - ucrt=10.0.22621.0=h57928b3_1
  - vc=14.3=h5fd82a7_24
  - vc14_runtime=14.42.34433=h6356254_24
  - vs2015_runtime=14.42.34433=hfef2bbc_24
  - wcwidth=0.2.13=pyhd8ed1ab_1
  - wheel=0.45.1=pyhd8ed1ab_1
  - zeromq=4.3.5=ha9f60a1_7
  - zipp=3.21.0=pyhd8ed1ab_1
  - pip:
      - altair==5.5.0
      - annotated-types==0.7.0
      - anyio==4.8.0
      - attrs==25.1.0
      - blinker==1.9.0
      - cachetools==5.5.1
      - certifi==2025.1.31
      - charset-normalizer==3.4.1
      - click==8.1.8
      - distro==1.9.0
      - gitdb==4.0.12
      - gitpython==3.1.44
      - h11==0.14.0
      - httpcore==1.0.7
      - httpx==0.28.1
      - idna==3.10
      - jinja2==3.1.5
      - jiter==0.8.2
      - jsonschema==4.23.0
      - jsonschema-specifications==2024.10.1
      - lxml==5.3.0
      - markdown-it-py==3.0.0
      - markupsafe==3.0.2
      - mdurl==0.1.2
      - narwhals==1.25.1
      - numpy==2.2.2
      - openai==1.61.1
      - pandas==2.2.3
      - pillow==11.1.0
      - protobuf==4.25.6
      - pyarrow==19.0.0
      - pyasn1==0.6.1
      - pyasn1-modules==0.4.1
      - pydantic==2.10.6
      - pydantic-core==2.27.2
      - pydeck==0.9.1
      - pymupdf==1.25.2
      - python-docx==1.1.2
      - pytz==2025.1
      - referencing==0.36.2
      - requests==2.32.3
      - rich==13.9.4
      - rpds-py==0.22.3
      - smmap==5.0.2
      - sniffio==1.3.1
      - streamlit==1.42.0
      - streamlit-option-menu==0.4.0
      - tenacity==9.0.0
      - toml==0.10.2
      - tqdm==4.67.1
      - tzdata==2025.1
      - urllib3==2.3.0
      - watchdog==6.0.0
prefix: C:\Users\ds\miniforge3\envs\surveystreme
